>>> including systematics
>>> method used to compute upper limit is MaxLikelihoodFit
>>> random number generator seed is 123456
[?1034hComputing limit starting from observation
Created Branches
Searching for crossing at nll = -22378.4 in the interval 0.315358, 20
      r      lvl-here  lvl-there   stepping
0.413781    +0.49133  +0.49447    0.098423
0.512205    +0.48540  +0.49133    0.098423
0.610628    +0.47419  +0.48540    0.098423
0.709051    +0.46225  +0.47419    0.098423
0.807474    +0.44634  +0.46225    0.098423
0.905897    +0.42868  +0.44634    0.098423
1.004321    +0.40662  +0.42868    0.098423
1.102744    +0.40204  +0.40662    0.098423
1.201167    +0.38047  +0.40204    0.098423
1.299590    +0.35329  +0.38047    0.098423
1.398013    +0.32588  +0.35329    0.098423
1.496437    +0.29601  +0.32588    0.098423
1.594860    +0.26209  +0.29601    0.098423
1.693283    +0.22621  +0.26209    0.098423
1.791706    +0.18498  +0.22621    0.098423
1.890129    +0.14698  +0.18498    0.098423
1.988553    +0.10759  +0.14698    0.098423
2.086976    +0.08375  +0.10759    0.098423
2.185399    +0.03894  +0.08375    0.098423
2.283822    -0.00836  +0.03894    0.098423
2.214926    +0.02523  -0.00836    0.029527
2.244453    +0.01106  +0.02523    0.029527
2.273980    -0.00357  +0.01106    0.029527
2.253311    +0.00672  -0.00357    0.008858
2.262169    +0.00234  +0.00672    0.008858
2.271027    -0.00094  +0.00234    0.008858
2.264827    +0.00200  -0.00094    0.002657
2.267484    +0.00076  +0.00200    0.002657
2.270141    -0.00048  +0.00076    0.002657
2.268281    +0.00039  -0.00048    0.000797
Searching for crossing at nll = -22378.4 in the interval 0.315358, -20
      r      lvl-here  lvl-there   stepping
0.213781    +0.49130  +0.49447    -0.101577
0.112205    +0.48519  +0.49130    -0.101577
0.010628    +0.47324  +0.48519    -0.101577
-0.090949    +0.45959  +0.47324    -0.101577
-0.192526    +0.44027  +0.45959    -0.101577
-0.294103    +0.42633  +0.44027    -0.101577
-0.395679    +0.40711  +0.42633    -0.101577
-0.497256    +0.38261  +0.40711    -0.101577
-0.598833    +0.35488  +0.38261    -0.101577
-0.700410    +0.32398  +0.35488    -0.101577
-0.801987    +0.29072  +0.32398    -0.101577
-0.903563    +0.26954  +0.29072    -0.101577
-1.005140    +0.23001  +0.26954    -0.101577
-1.106717    +0.18524  +0.23001    -0.101577
-1.208294    +0.18036  +0.18524    -0.101577
-1.309871    +0.13658  +0.18036    -0.101577
-1.411447    +0.09151  +0.13658    -0.101577
-1.513024    +0.04017  +0.09151    -0.101577
-1.614601    -0.01898  +0.04017    -0.101577
-1.543497    +0.02325  -0.01898    -0.030473
-1.573970    +0.00897  +0.02325    -0.030473
-1.604443    -0.00637  +0.00897    -0.030473
-1.583112    +0.00496  -0.00637    -0.009142
-1.592254    +0.00015  +0.00496    -0.009142

 --- MaxLikelihoodFit ---
Best fit r: 0.315358  -1.90746/+1.95314  (68% CL)
nll S+B -> -61.2834  nll B -> -62.0109
Done in 1.92 min (cpu), 1.93 min (real)
>>> including systematics
>>> method used to compute upper limit is MaxLikelihoodFit
>>> random number generator seed is 123456
[?1034hComputing limit starting from expected outcome
Created Branches
Searching for crossing at nll = -27188 in the interval 0.011232, 20
      r      lvl-here  lvl-there   stepping
0.111176    +0.49129  +0.49447    0.099944
0.211120    +0.48278  +0.49129    0.099944
0.311063    +0.47022  +0.48278    0.099944
0.411007    +0.45251  +0.47022    0.099944
0.510951    +0.43293  +0.45251    0.099944
0.610895    +0.40893  +0.43293    0.099944
0.710839    +0.38216  +0.40893    0.099944
0.810783    +0.35129  +0.38216    0.099944
0.910726    +0.31638  +0.35129    0.099944
1.010670    +0.27880  +0.31638    0.099944
1.110614    +0.23839  +0.27880    0.099944
1.210558    +0.19409  +0.23839    0.099944
1.310502    +0.14640  +0.19409    0.099944
1.410446    +0.09692  +0.14640    0.099944
1.510390    +0.04294  +0.09692    0.099944
1.610333    -0.01393  +0.04294    0.099944
1.540373    +0.02648  -0.01393    0.029983
1.570356    +0.01226  +0.02648    0.029983
1.600339    -0.00430  +0.01226    0.029983
1.579351    +0.00734  -0.00430    0.008995
1.588346    +0.00238  +0.00734    0.008995
1.597341    -0.00262  +0.00238    0.008995
1.591044    +0.00089  -0.00262    0.002698
1.593743    -0.00061  +0.00089    0.002698
1.591854    +0.00044  -0.00061    0.000810
1.592663    -0.00001  +0.00044    0.000810
Searching for crossing at nll = -27188 in the interval 0.011232, -20
      r      lvl-here  lvl-there   stepping
-0.088824    +0.49119  +0.49447    -0.100056
-0.188880    +0.48267  +0.49119    -0.100056
-0.288937    +0.47108  +0.48267    -0.100056
-0.388993    +0.45537  +0.47108    -0.100056
-0.489049    +0.43433  +0.45537    -0.100056
-0.589105    +0.41220  +0.43433    -0.100056
-0.689161    +0.38876  +0.41220    -0.100056
-0.789217    +0.36037  +0.38876    -0.100056
-0.889273    +0.32447  +0.36037    -0.100056
-0.989330    +0.28724  +0.32447    -0.100056
-1.089386    +0.25793  +0.28724    -0.100056
-1.189442    +0.21082  +0.25793    -0.100056
-1.289498    +0.15460  +0.21082    -0.100056
-1.389554    +0.09502  +0.15460    -0.100056
-1.489610    +0.05648  +0.09502    -0.100056
-1.589667    -0.00702  +0.05648    -0.100056
-1.519627    +0.03853  -0.00702    -0.030017
-1.549644    +0.01965  +0.03853    -0.030017
-1.579661    -0.00019  +0.01965    -0.030017

 --- MaxLikelihoodFit ---
Best fit r: 0.011232  -1.59108/+1.58142  (68% CL)
nll S+B -> 0.506327  nll B -> 0
Done in 1.48 min (cpu), 1.49 min (real)
