>>> including systematics
>>> method used to compute upper limit is MaxLikelihoodFit
>>> random number generator seed is 123456
[?1034hComputing limit starting from observation
Created Branches
Searching for crossing at nll = -22647.5 in the interval 0.0938952, 20
      r      lvl-here  lvl-there   stepping
0.193426    +0.49271  +0.49447    0.099531
0.292956    +0.48846  +0.49271    0.099531
0.392487    +0.48093  +0.48846    0.099531
0.492017    +0.47269  +0.48093    0.099531
0.591548    +0.46178  +0.47269    0.099531
0.691078    +0.44923  +0.46178    0.099531
0.790609    +0.43405  +0.44923    0.099531
0.890139    +0.41576  +0.43405    0.099531
0.989670    +0.39687  +0.41576    0.099531
1.089200    +0.37732  +0.39687    0.099531
1.188731    +0.35592  +0.37732    0.099531
1.288261    +0.33148  +0.35592    0.099531
1.387792    +0.32493  +0.33148    0.099531
1.487322    +0.30186  +0.32493    0.099531
1.586853    +0.27516  +0.30186    0.099531
1.686384    +0.24484  +0.27516    0.099531
1.785914    +0.21568  +0.24484    0.099531
1.885445    +0.18576  +0.21568    0.099531
1.984975    +0.15232  +0.18576    0.099531
2.084506    +0.11753  +0.15232    0.099531
2.184036    +0.08162  +0.11753    0.099531
2.283567    +0.04236  +0.08162    0.099531
2.383097    +0.00314  +0.04236    0.099531
2.482628    -0.03760  +0.00314    0.099531
2.412956    -0.00929  -0.03760    0.029859
2.392055    -0.00056  -0.00929    0.008958
2.385785    +0.00203  -0.00056    0.002687
2.388472    +0.00093  +0.00203    0.002687
2.391159    +0.00122  +0.00093    0.002687
2.393846    +0.00017  +0.00122    0.002687
Searching for crossing at nll = -22647.5 in the interval 0.0938952, -20
      r      lvl-here  lvl-there   stepping
-0.006574    +0.49207  +0.49447    -0.100469
-0.107044    +0.48723  +0.49207    -0.100469
-0.207513    +0.47860  +0.48723    -0.100469
-0.307983    +0.46905  +0.47860    -0.100469
-0.408452    +0.45618  +0.46905    -0.100469
-0.508922    +0.44050  +0.45618    -0.100469
-0.609391    +0.42221  +0.44050    -0.100469
-0.709861    +0.40683  +0.42221    -0.100469
-0.810330    +0.38917  +0.40683    -0.100469
-0.910800    +0.37046  +0.38917    -0.100469
-1.011269    +0.34715  +0.37046    -0.100469
-1.111739    +0.32323  +0.34715    -0.100469
-1.212208    +0.29574  +0.32323    -0.100469
-1.312677    +0.26402  +0.29574    -0.100469
-1.413147    +0.23111  +0.26402    -0.100469
-1.513616    +0.19509  +0.23111    -0.100469
-1.614086    +0.19207  +0.19509    -0.100469
-1.714555    +0.15730  +0.19207    -0.100469
-1.815025    +0.11756  +0.15730    -0.100469
-1.915494    +0.08297  +0.11756    -0.100469
-2.015964    +0.04000  +0.08297    -0.100469
-2.116433    -0.00816  +0.04000    -0.100469
-2.046105    +0.02610  -0.00816    -0.030141
-2.076245    +0.01173  +0.02610    -0.030141
-2.106386    -0.00301  +0.01173    -0.030141
-2.085288    +0.00733  -0.00301    -0.009042
-2.094330    +0.00288  +0.00733    -0.009042
-2.103372    -0.00160  +0.00288    -0.009042
-2.097043    +0.00154  -0.00160    -0.002713
-2.099755    +0.00086  +0.00154    -0.002713
-2.102468    -0.00036  +0.00086    -0.002713

 --- MaxLikelihoodFit ---
Best fit r: 0.0938952  -2.19662/+2.30014  (68% CL)
nll S+B -> -61.4314  nll B -> -62.0459
Done in 2.10 min (cpu), 2.11 min (real)
>>> including systematics
>>> method used to compute upper limit is MaxLikelihoodFit
>>> random number generator seed is 123456
[?1034hComputing limit starting from expected outcome
Created Branches
Searching for crossing at nll = -27495 in the interval 0.00011332, 20
      r      lvl-here  lvl-there   stepping
0.100113    +0.49220  +0.49447    0.099999
0.200112    +0.48731  +0.49220    0.099999
0.300112    +0.47840  +0.48731    0.099999
0.400111    +0.46707  +0.47840    0.099999
0.500110    +0.45268  +0.46707    0.099999
0.600110    +0.43628  +0.45268    0.099999
0.700109    +0.41734  +0.43628    0.099999
0.800109    +0.39425  +0.41734    0.099999
0.900108    +0.37162  +0.39425    0.099999
1.000108    +0.34607  +0.37162    0.099999
1.100107    +0.31754  +0.34607    0.099999
1.200106    +0.28704  +0.31754    0.099999
1.300106    +0.25415  +0.28704    0.099999
1.400105    +0.21984  +0.25415    0.099999
1.500105    +0.18169  +0.21984    0.099999
1.600104    +0.14269  +0.18169    0.099999
1.700104    +0.10183  +0.14269    0.099999
1.800103    +0.05874  +0.10183    0.099999
1.900103    +0.01197  +0.05874    0.099999
2.000102    -0.03496  +0.01197    0.099999
1.930102    -0.00240  -0.03496    0.030000
1.909102    +0.00758  -0.00240    0.009000
1.918102    +0.00317  +0.00758    0.009000
1.927102    -0.00124  +0.00317    0.009000
1.920802    +0.00208  -0.00124    0.002700
1.923502    +0.00124  +0.00208    0.002700
1.926202    +0.00003  +0.00124    0.002700
Searching for crossing at nll = -27495 in the interval 0.00011332, -20
      r      lvl-here  lvl-there   stepping
-0.099887    +0.49219  +0.49447    -0.100001
-0.199888    +0.48704  +0.49219    -0.100001
-0.299888    +0.47734  +0.48704    -0.100001
-0.399889    +0.46699  +0.47734    -0.100001
-0.499890    +0.45202  +0.46699    -0.100001
-0.599890    +0.43469  +0.45202    -0.100001
-0.699891    +0.41391  +0.43469    -0.100001
-0.799891    +0.38993  +0.41391    -0.100001
-0.899892    +0.36539  +0.38993    -0.100001
-0.999892    +0.33902  +0.36539    -0.100001
-1.099893    +0.30729  +0.33902    -0.100001
-1.199893    +0.27248  +0.30729    -0.100001
-1.299894    +0.23402  +0.27248    -0.100001
-1.399895    +0.21113  +0.23402    -0.100001
-1.499895    +0.17302  +0.21113    -0.100001
-1.599896    +0.12891  +0.17302    -0.100001
-1.699896    +0.07854  +0.12891    -0.100001
-1.799897    +0.02182  +0.07854    -0.100001
-1.899897    -0.01413  +0.02182    -0.100001
-1.829897    +0.01087  -0.01413    -0.030000
-1.859897    +0.00645  +0.01087    -0.030000
-1.889897    -0.00829  +0.00645    -0.030000
-1.868897    +0.00209  -0.00829    -0.009000
-1.877897    -0.00232  +0.00209    -0.009000
-1.871597    +0.00077  -0.00232    -0.002700
-1.874297    -0.00055  +0.00077    -0.002700
-1.872407    +0.00038  -0.00055    -0.000810

 --- MaxLikelihoodFit ---
Best fit r: 0.00011332  -1.8723/+1.92612  (68% CL)
nll S+B -> 0.524851  nll B -> 0
Done in 1.82 min (cpu), 1.83 min (real)
