>>> including systematics
>>> method used to compute upper limit is MaxLikelihoodFit
>>> random number generator seed is 123456
[?1034hComputing limit starting from observation
Created Branches
Searching for crossing at nll = -20897.6 in the interval -19.9953, 20
      r      lvl-here  lvl-there   stepping
-19.795356    +0.49398  +0.49447    0.199977
-19.595380    +0.49326  +0.49398    0.199977
-19.395403    +0.49232  +0.49326    0.199977
-19.195426    +0.49115  +0.49232    0.199977
-18.995450    +0.49018  +0.49115    0.199977
-18.795473    +0.48912  +0.49018    0.199977
-18.595496    +0.48784  +0.48912    0.199977
-18.395520    +0.48633  +0.48784    0.199977
-18.195543    +0.48460  +0.48633    0.199977
-17.995566    +0.48265  +0.48460    0.199977
-17.795590    +0.48048  +0.48265    0.199977
-17.595613    +0.47870  +0.48048    0.199977
-17.395636    +0.47698  +0.47870    0.199977
-17.195660    +0.47504  +0.47698    0.199977
-16.995683    +0.47288  +0.47504    0.199977
-16.795706    +0.47061  +0.47288    0.199977
-16.595730    +0.46873  +0.47061    0.199977
-16.395753    +0.46663  +0.46873    0.199977
-16.195776    +0.46431  +0.46663    0.199977
-15.995800    +0.46177  +0.46431    0.199977
-15.795823    +0.45901  +0.46177    0.199977
-15.595846    +0.45603  +0.45901    0.199977
-15.395870    +0.45283  +0.45603    0.199977
-15.195893    +0.44941  +0.45283    0.199977
-14.995916    +0.44578  +0.44941    0.199977
-14.795940    +0.44438  +0.44578    0.199977
-14.595963    +0.44173  +0.44438    0.199977
-14.395986    +0.43886  +0.44173    0.199977
-14.196010    +0.43578  +0.43886    0.199977
-13.996033    +0.43248  +0.43578    0.199977
-13.796056    +0.42896  +0.43248    0.199977
-13.596080    +0.42523  +0.42896    0.199977
-13.396103    +0.42128  +0.42523    0.199977
-13.196126    +0.41712  +0.42128    0.199977
-12.996150    +0.41430  +0.41712    0.199977
-12.796173    +0.41090  +0.41430    0.199977
-12.596196    +0.40728  +0.41090    0.199977
-12.396220    +0.40344  +0.40728    0.199977
-12.196243    +0.39939  +0.40344    0.199977
-11.996266    +0.39513  +0.39939    0.199977
-11.796290    +0.39065  +0.39513    0.199977
-11.596313    +0.38596  +0.39065    0.199977
-11.396337    +0.38106  +0.38596    0.199977
-11.196360    +0.37713  +0.38106    0.199977
-10.996383    +0.37307  +0.37713    0.199977
-10.796407    +0.36879  +0.37307    0.199977
-10.596430    +0.36431  +0.36879    0.199977
-10.396453    +0.35961  +0.36431    0.199977
-10.196477    +0.35470  +0.35961    0.199977
-9.996500    +0.34958  +0.35470    0.199977
-9.796523    +0.34425  +0.34958    0.199977
-9.596547    +0.34238  +0.34425    0.199977
-9.396570    +0.33786  +0.34238    0.199977
-9.196593    +0.33313  +0.33786    0.199977
-8.996617    +0.32819  +0.33313    0.199977
-8.796640    +0.32304  +0.32819    0.199977
-8.596663    +0.31769  +0.32304    0.199977
-8.396687    +0.31212  +0.31769    0.199977
-8.196710    +0.30758  +0.31212    0.199977
-7.996733    +0.30255  +0.30758    0.199977
-7.796757    +0.29730  +0.30255    0.199977
-7.596780    +0.29185  +0.29730    0.199977
-7.396803    +0.28619  +0.29185    0.199977
-7.196827    +0.28032  +0.28619    0.199977
-6.996850    +0.27425  +0.28032    0.199977
-6.796873    +0.26797  +0.27425    0.199977
-6.596897    +0.26149  +0.26797    0.199977
-6.396920    +0.25634  +0.26149    0.199977
-6.196943    +0.25039  +0.25634    0.199977
-5.996967    +0.24423  +0.25039    0.199977
-5.796990    +0.23787  +0.24423    0.199977
-5.597013    +0.23131  +0.23787    0.199977
-5.397037    +0.22454  +0.23131    0.199977
-5.197060    +0.24619  +0.22454    0.199977
-4.997083    +0.24130  +0.24619    0.199977
-4.797107    +0.23620  +0.24130    0.199977
-4.597130    +0.23090  +0.23620    0.199977
-4.397153    +0.22539  +0.23090    0.199977
-4.197177    +0.21969  +0.22539    0.199977
-3.997200    +0.21378  +0.21969    0.199977
-3.797223    +0.20767  +0.21378    0.199977
-3.597247    +0.20136  +0.20767    0.199977
-3.397270    +0.19485  +0.20136    0.199977
-3.197293    +0.18813  +0.19485    0.199977
-2.997317    +0.18122  +0.18813    0.199977
-2.797340    +0.17411  +0.18122    0.199977
-2.597363    +0.16744  +0.17411    0.199977
-2.397387    +0.16132  +0.16744    0.199977
-2.197410    +0.15500  +0.16132    0.199977
-1.997433    +0.14848  +0.15500    0.199977
-1.797457    +0.14177  +0.14848    0.199977
-1.597480    +0.13485  +0.14177    0.199977
-1.397504    +0.12774  +0.13485    0.199977
-1.197527    +0.12043  +0.12774    0.199977
-0.997550    +0.11292  +0.12043    0.199977
-0.797574    +0.10522  +0.11292    0.199977
-0.597597    +0.09732  +0.10522    0.199977
-0.397620    +0.08922  +0.09732    0.199977
-0.197644    +0.08093  +0.08922    0.199977
0.002333    +0.07673  +0.08093    0.199977
0.202310    +0.08376  +0.07673    0.199977
0.402286    +0.07703  +0.08376    0.199977
0.602263    +0.07011  +0.07703    0.199977
0.802240    +0.06300  +0.07011    0.199977
1.002216    +0.05569  +0.06300    0.199977
1.202193    +0.04819  +0.05569    0.199977
1.402170    +0.04049  +0.04819    0.199977
1.602146    +0.03260  +0.04049    0.199977
1.802123    +0.02452  +0.03260    0.199977
2.002100    +0.01625  +0.02452    0.199977
2.202076    +0.01244  +0.01625    0.199977
2.402053    +0.00906  +0.01244    0.199977
2.602030    +0.00253  +0.00906    0.199977
2.802006    -0.00420  +0.00253    0.199977
2.662023    +0.00053  -0.00420    0.059993
2.722016    -0.00149  +0.00053    0.059993
2.680021    -0.00007  -0.00149    0.017998
Searching for crossing at nll = -20897.6 in the interval -19.9953, -20
      r      lvl-here  lvl-there   stepping
-19.995356    +0.49447  +0.49447    -0.000023
-19.995380    +0.49447  +0.49447    -0.000023
-19.995403    +0.49447  +0.49447    -0.000023
-19.995426    +0.49447  +0.49447    -0.000023
-19.995450    +0.49447  +0.49447    -0.000023
-19.995473    +0.49447  +0.49447    -0.000023
-19.995496    +0.49447  +0.49447    -0.000023
-19.995520    +0.49447  +0.49447    -0.000023
-19.995543    +0.49447  +0.49447    -0.000023
-19.995566    +0.49447  +0.49447    -0.000023
-19.995590    +0.49447  +0.49447    -0.000023
-19.995613    +0.49447  +0.49447    -0.000023
-19.995636    +0.49447  +0.49447    -0.000023
-19.995660    +0.49447  +0.49447    -0.000023
-19.995683    +0.49447  +0.49447    -0.000023
-19.995706    +0.49447  +0.49447    -0.000023
-19.995730    +0.49447  +0.49447    -0.000023
-19.995753    +0.49447  +0.49447    -0.000023
-19.995776    +0.49447  +0.49447    -0.000023
-19.995800    +0.49447  +0.49447    -0.000023
-19.995823    +0.49447  +0.49447    -0.000023
-19.995846    +0.49447  +0.49447    -0.000023
-19.995870    +0.49447  +0.49447    -0.000023
-19.995893    +0.49447  +0.49447    -0.000023
-19.995916    +0.49447  +0.49447    -0.000023
-19.995940    +0.49447  +0.49447    -0.000023
-19.995963    +0.49447  +0.49447    -0.000023
-19.995986    +0.49447  +0.49447    -0.000023
-19.996010    +0.49447  +0.49447    -0.000023
-19.996033    +0.49447  +0.49447    -0.000023
-19.996056    +0.49447  +0.49447    -0.000023
-19.996080    +0.49447  +0.49447    -0.000023
-19.996103    +0.49447  +0.49447    -0.000023
-19.996126    +0.49447  +0.49447    -0.000023
-19.996150    +0.49447  +0.49447    -0.000023
-19.996173    +0.49447  +0.49447    -0.000023
-19.996196    +0.49447  +0.49447    -0.000023
-19.996220    +0.49447  +0.49447    -0.000023
-19.996243    +0.49447  +0.49447    -0.000023
-19.996266    +0.49448  +0.49447    -0.000023
-19.996290    +0.49448  +0.49448    -0.000023
-19.996313    +0.49448  +0.49448    -0.000023
-19.996336    +0.49448  +0.49448    -0.000023
-19.996360    +0.49448  +0.49448    -0.000023
-19.996383    +0.49448  +0.49448    -0.000023
-19.996406    +0.49448  +0.49448    -0.000023
-19.996430    +0.49448  +0.49448    -0.000023
-19.996453    +0.49448  +0.49448    -0.000023
-19.996476    +0.49448  +0.49448    -0.000023
-19.996500    +0.49448  +0.49448    -0.000023
-19.996523    +0.49448  +0.49448    -0.000023
-19.996546    +0.49448  +0.49448    -0.000023
-19.996570    +0.49448  +0.49448    -0.000023
-19.996593    +0.49448  +0.49448    -0.000023
-19.996616    +0.49448  +0.49448    -0.000023
-19.996640    +0.49448  +0.49448    -0.000023
-19.996663    +0.49448  +0.49448    -0.000023
-19.996686    +0.49448  +0.49448    -0.000023
-19.996710    +0.49448  +0.49448    -0.000023
-19.996733    +0.49448  +0.49448    -0.000023
-19.996756    +0.49448  +0.49448    -0.000023
-19.996780    +0.49448  +0.49448    -0.000023
-19.996803    +0.49448  +0.49448    -0.000023
-19.996826    +0.49448  +0.49448    -0.000023
-19.996850    +0.49448  +0.49448    -0.000023
-19.996873    +0.49448  +0.49448    -0.000023
-19.996896    +0.49448  +0.49448    -0.000023
-19.996920    +0.49448  +0.49448    -0.000023
-19.996943    +0.49448  +0.49448    -0.000023
-19.996966    +0.49448  +0.49448    -0.000023
-19.996990    +0.49448  +0.49448    -0.000023
-19.997013    +0.49448  +0.49448    -0.000023
-19.997036    +0.49448  +0.49448    -0.000023
-19.997060    +0.49448  +0.49448    -0.000023
-19.997083    +0.49448  +0.49448    -0.000023
-19.997106    +0.49448  +0.49448    -0.000023
-19.997130    +0.49448  +0.49448    -0.000023
-19.997153    +0.49448  +0.49448    -0.000023
-19.997176    +0.49448  +0.49448    -0.000023
-19.997200    +0.49448  +0.49448    -0.000023
-19.997223    +0.49448  +0.49448    -0.000023
-19.997246    +0.49448  +0.49448    -0.000023
-19.997270    +0.49448  +0.49448    -0.000023
-19.997293    +0.49448  +0.49448    -0.000023
-19.997316    +0.49448  +0.49448    -0.000023
-19.997340    +0.49448  +0.49448    -0.000023
-19.997363    +0.49448  +0.49448    -0.000023
-19.997386    +0.49448  +0.49448    -0.000023
-19.997410    +0.49448  +0.49448    -0.000023
-19.997433    +0.49448  +0.49448    -0.000023
-19.997456    +0.49448  +0.49448    -0.000023
-19.997480    +0.49448  +0.49448    -0.000023
-19.997503    +0.49448  +0.49448    -0.000023
-19.997526    +0.49448  +0.49448    -0.000023
-19.997550    +0.49448  +0.49448    -0.000023
-19.997573    +0.49448  +0.49448    -0.000023
-19.997596    +0.49448  +0.49448    -0.000023
-19.997620    +0.49448  +0.49448    -0.000023
-19.997643    +0.49448  +0.49448    -0.000023
-19.997666    +0.49448  +0.49448    -0.000023
-19.997690    +0.49448  +0.49448    -0.000023
-19.997713    +0.49448  +0.49448    -0.000023
-19.997736    +0.49448  +0.49448    -0.000023
-19.997760    +0.49448  +0.49448    -0.000023
-19.997783    +0.49448  +0.49448    -0.000023
-19.997806    +0.49448  +0.49448    -0.000023
-19.997830    +0.49448  +0.49448    -0.000023
-19.997853    +0.49448  +0.49448    -0.000023
-19.997876    +0.49448  +0.49448    -0.000023
-19.997900    +0.49448  +0.49448    -0.000023
-19.997923    +0.49448  +0.49448    -0.000023
-19.997946    +0.49448  +0.49448    -0.000023
-19.997970    +0.49448  +0.49448    -0.000023
-19.997993    +0.49448  +0.49448    -0.000023
-19.998016    +0.49448  +0.49448    -0.000023
-19.998040    +0.49448  +0.49448    -0.000023
-19.998063    +0.49448  +0.49448    -0.000023
-19.998086    +0.49448  +0.49448    -0.000023
-19.998110    +0.49448  +0.49448    -0.000023
-19.998133    +0.49448  +0.49448    -0.000023
-19.998156    +0.49448  +0.49448    -0.000023
-19.998180    +0.49448  +0.49448    -0.000023
-19.998203    +0.49448  +0.49448    -0.000023
-19.998227    +0.49448  +0.49448    -0.000023
-19.998250    +0.49448  +0.49448    -0.000023
-19.998273    +0.49448  +0.49448    -0.000023
-19.998297    +0.49448  +0.49448    -0.000023
-19.998320    +0.49448  +0.49448    -0.000023
-19.998343    +0.49448  +0.49448    -0.000023
-19.998367    +0.49448  +0.49448    -0.000023
-19.998390    +0.49448  +0.49448    -0.000023
-19.998413    +0.49448  +0.49448    -0.000023
-19.998437    +0.49448  +0.49448    -0.000023
-19.998460    +0.49448  +0.49448    -0.000023
-19.998483    +0.49448  +0.49448    -0.000023
-19.998507    +0.49448  +0.49448    -0.000023
-19.998530    +0.49448  +0.49448    -0.000023
-19.998553    +0.49448  +0.49448    -0.000023
-19.998577    +0.49448  +0.49448    -0.000023
-19.998600    +0.49448  +0.49448    -0.000023
-19.998623    +0.49448  +0.49448    -0.000023
-19.998647    +0.49448  +0.49448    -0.000023
-19.998670    +0.49448  +0.49448    -0.000023
-19.998693    +0.49448  +0.49448    -0.000023
-19.998717    +0.49448  +0.49448    -0.000023
-19.998740    +0.49448  +0.49448    -0.000023
-19.998763    +0.49448  +0.49448    -0.000023
-19.998787    +0.49448  +0.49448    -0.000023
-19.998810    +0.49448  +0.49448    -0.000023
-19.998833    +0.49448  +0.49448    -0.000023
-19.998857    +0.49448  +0.49448    -0.000023
-19.998880    +0.49448  +0.49448    -0.000023
-19.998903    +0.49448  +0.49448    -0.000023
-19.998927    +0.49448  +0.49448    -0.000023
-19.998950    +0.49448  +0.49448    -0.000023
-19.998973    +0.49448  +0.49448    -0.000023
-19.998997    +0.49448  +0.49448    -0.000023
-19.999020    +0.49448  +0.49448    -0.000023
-19.999043    +0.49448  +0.49448    -0.000023
-19.999067    +0.49448  +0.49448    -0.000023
-19.999090    +0.49448  +0.49448    -0.000023
-19.999113    +0.49448  +0.49448    -0.000023
-19.999137    +0.49448  +0.49448    -0.000023
-19.999160    +0.49448  +0.49448    -0.000023
-19.999183    +0.49448  +0.49448    -0.000023
-19.999207    +0.49448  +0.49448    -0.000023
-19.999230    +0.49448  +0.49448    -0.000023
-19.999253    +0.49448  +0.49448    -0.000023
-19.999277    +0.49448  +0.49448    -0.000023
-19.999300    +0.49448  +0.49448    -0.000023
-19.999323    +0.49448  +0.49448    -0.000023
-19.999347    +0.49448  +0.49448    -0.000023
-19.999370    +0.49448  +0.49448    -0.000023
-19.999393    +0.49448  +0.49448    -0.000023
-19.999417    +0.49448  +0.49448    -0.000023
-19.999440    +0.49448  +0.49448    -0.000023
-19.999463    +0.49448  +0.49448    -0.000023
-19.999487    +0.49448  +0.49448    -0.000023
-19.999510    +0.49448  +0.49448    -0.000023
-19.999533    +0.49448  +0.49448    -0.000023
-19.999557    +0.49448  +0.49448    -0.000023
-19.999580    +0.49448  +0.49448    -0.000023
-19.999603    +0.49448  +0.49448    -0.000023
-19.999627    +0.49448  +0.49448    -0.000023
-19.999650    +0.49448  +0.49448    -0.000023
-19.999673    +0.49448  +0.49448    -0.000023
-19.999697    +0.49448  +0.49448    -0.000023
-19.999720    +0.49448  +0.49448    -0.000023
-19.999743    +0.49448  +0.49448    -0.000023
-19.999767    +0.49448  +0.49448    -0.000023
-19.999790    +0.49448  +0.49448    -0.000023
-19.999813    +0.49448  +0.49448    -0.000023
-19.999837    +0.49448  +0.49448    -0.000023
-19.999860    +0.49448  +0.49448    -0.000023
-19.999883    +0.49448  +0.49448    -0.000023
-19.999907    +0.49448  +0.49448    -0.000023
-19.999930    +0.49448  +0.49448    -0.000023
-19.999953    +0.49448  +0.49448    -0.000023
-19.999977    +0.49448  +0.49448    -0.000023
-20.000000    +0.49448  +0.49448    -0.000023
-20.000000    +0.49448  +0.49448    -0.000000
Error: closed range without finding crossing.

 --- MaxLikelihoodFit ---
Best fit r: -19.9953  -0.0046671/+22.6753  (68% CL)
nll S+B -> -64.3226  nll B -> -64.0783
Done in 4.65 min (cpu), 4.67 min (real)
>>> including systematics
>>> method used to compute upper limit is MaxLikelihoodFit
>>> random number generator seed is 123456
[?1034hComputing limit starting from expected outcome
Created Branches
Searching for crossing at nll = -25503.1 in the interval 0.180262, 20
      r      lvl-here  lvl-there   stepping
0.279361    +0.49443  +0.49447    0.099099
0.378460    +0.49434  +0.49443    0.099099
0.477558    +0.49420  +0.49434    0.099099
0.576657    +0.49400  +0.49420    0.099099
0.675756    +0.49376  +0.49400    0.099099
0.774855    +0.49346  +0.49376    0.099099
0.873953    +0.49311  +0.49346    0.099099
0.973052    +0.49271  +0.49311    0.099099
1.072151    +0.49233  +0.49271    0.099099
1.171249    +0.49201  +0.49233    0.099099
1.270348    +0.49164  +0.49201    0.099099
1.369447    +0.49123  +0.49164    0.099099
1.468545    +0.49076  +0.49123    0.099099
1.567644    +0.49024  +0.49076    0.099099
1.666743    +0.48966  +0.49024    0.099099
1.765841    +0.48904  +0.48966    0.099099
1.864940    +0.48837  +0.48904    0.099099
1.964039    +0.48765  +0.48837    0.099099
2.063137    +0.48688  +0.48765    0.099099
2.162236    +0.48605  +0.48688    0.099099
2.261335    +0.48518  +0.48605    0.099099
2.360433    +0.48444  +0.48518    0.099099
2.459532    +0.48380  +0.48444    0.099099
2.558631    +0.48310  +0.48380    0.099099
2.657730    +0.48235  +0.48310    0.099099
2.756828    +0.48156  +0.48235    0.099099
2.855927    +0.48071  +0.48156    0.099099
2.955026    +0.47982  +0.48071    0.099099
3.054124    +0.47887  +0.47982    0.099099
3.153223    +0.47788  +0.47887    0.099099
3.252322    +0.47684  +0.47788    0.099099
3.351420    +0.47574  +0.47684    0.099099
3.450519    +0.47460  +0.47574    0.099099
3.549618    +0.47340  +0.47460    0.099099
3.648716    +0.47216  +0.47340    0.099099
3.747815    +0.47087  +0.47216    0.099099
3.846914    +0.46953  +0.47087    0.099099
3.946012    +0.46813  +0.46953    0.099099
4.045111    +0.46821  +0.46813    0.099099
4.144210    +0.46719  +0.46821    0.099099
4.243309    +0.46612  +0.46719    0.099099
4.342407    +0.46500  +0.46612    0.099099
4.441506    +0.46383  +0.46500    0.099099
4.540605    +0.46262  +0.46383    0.099099
4.639703    +0.46135  +0.46262    0.099099
4.738802    +0.46004  +0.46135    0.099099
4.837901    +0.45867  +0.46004    0.099099
4.936999    +0.45726  +0.45867    0.099099
5.036098    +0.45580  +0.45726    0.099099
5.135197    +0.45429  +0.45580    0.099099
5.234295    +0.45273  +0.45429    0.099099
5.333394    +0.45112  +0.45273    0.099099
5.432493    +0.44946  +0.45112    0.099099
5.531591    +0.44775  +0.44946    0.099099
5.630690    +0.44600  +0.44775    0.099099
5.729789    +0.44420  +0.44600    0.099099
5.828887    +0.44234  +0.44420    0.099099
5.927986    +0.44116  +0.44234    0.099099
6.027085    +0.43974  +0.44116    0.099099
6.126184    +0.43826  +0.43974    0.099099
6.225282    +0.43674  +0.43826    0.099099
6.324381    +0.43517  +0.43674    0.099099
6.423480    +0.43355  +0.43517    0.099099
6.522578    +0.43188  +0.43355    0.099099
6.621677    +0.43017  +0.43188    0.099099
6.720776    +0.42840  +0.43017    0.099099
6.819874    +0.42659  +0.42840    0.099099
6.918973    +0.42473  +0.42659    0.099099
7.018072    +0.42282  +0.42473    0.099099
7.117170    +0.42087  +0.42282    0.099099
7.216269    +0.41886  +0.42087    0.099099
7.315368    +0.41681  +0.41886    0.099099
7.414466    +0.41471  +0.41681    0.099099
7.513565    +0.41256  +0.41471    0.099099
7.612664    +0.41037  +0.41256    0.099099
7.711763    +0.40812  +0.41037    0.099099
7.810861    +0.40583  +0.40812    0.099099
7.909960    +0.40349  +0.40583    0.099099
8.009059    +0.40111  +0.40349    0.099099
8.108157    +0.39867  +0.40111    0.099099
8.207256    +0.39619  +0.39867    0.099099
8.306355    +0.39425  +0.39619    0.099099
8.405453    +0.39227  +0.39425    0.099099
8.504552    +0.39024  +0.39227    0.099099
8.603651    +0.38816  +0.39024    0.099099
8.702749    +0.38603  +0.38816    0.099099
8.801848    +0.38386  +0.38603    0.099099
8.900947    +0.38164  +0.38386    0.099099
9.000045    +0.37937  +0.38164    0.099099
9.099144    +0.37706  +0.37937    0.099099
9.198243    +0.37469  +0.37706    0.099099
9.297341    +0.37228  +0.37469    0.099099
9.396440    +0.36983  +0.37228    0.099099
9.495539    +0.36732  +0.36983    0.099099
9.594638    +0.36477  +0.36732    0.099099
9.693736    +0.36217  +0.36477    0.099099
9.792835    +0.35953  +0.36217    0.099099
9.891934    +0.35684  +0.35953    0.099099
9.991032    +0.35410  +0.35684    0.099099
10.090131    +0.35131  +0.35410    0.099099
10.189230    +0.34848  +0.35131    0.099099
10.288328    +0.34560  +0.34848    0.099099
10.387427    +0.34268  +0.34560    0.099099
10.486526    +0.33970  +0.34268    0.099099
10.585624    +0.33668  +0.33970    0.099099
10.684723    +0.33586  +0.33668    0.099099
10.783822    +0.33334  +0.33586    0.099099
10.882920    +0.33078  +0.33334    0.099099
10.982019    +0.32818  +0.33078    0.099099
11.081118    +0.32553  +0.32818    0.099099
11.180217    +0.32283  +0.32553    0.099099
11.279315    +0.32008  +0.32283    0.099099
11.378414    +0.31729  +0.32008    0.099099
11.477513    +0.31445  +0.31729    0.099099
11.576611    +0.31157  +0.31445    0.099099
11.675710    +0.30864  +0.31157    0.099099
11.774809    +0.30566  +0.30864    0.099099
11.873907    +0.30263  +0.30566    0.099099
11.973006    +0.29957  +0.30263    0.099099
12.072105    +0.29645  +0.29957    0.099099
12.171203    +0.29329  +0.29645    0.099099
12.270302    +0.29008  +0.29329    0.099099
12.369401    +0.28683  +0.29008    0.099099
12.468499    +0.28353  +0.28683    0.099099
12.567598    +0.28039  +0.28353    0.099099
12.666697    +0.27756  +0.28039    0.099099
12.765795    +0.27468  +0.27756    0.099099
12.864894    +0.27175  +0.27468    0.099099
12.963993    +0.26878  +0.27175    0.099099
13.063092    +0.26576  +0.26878    0.099099
13.162190    +0.26270  +0.26576    0.099099
13.261289    +0.25959  +0.26270    0.099099
13.360388    +0.25644  +0.25959    0.099099
13.459486    +0.25324  +0.25644    0.099099
13.558585    +0.24999  +0.25324    0.099099
13.657684    +0.24670  +0.24999    0.099099
13.756782    +0.24337  +0.24670    0.099099
13.855881    +0.23998  +0.24337    0.099099
13.954980    +0.23656  +0.23998    0.099099
14.054078    +0.23308  +0.23656    0.099099
14.153177    +0.23075  +0.23308    0.099099
14.252276    +0.22766  +0.23075    0.099099
14.351374    +0.22452  +0.22766    0.099099
14.450473    +0.22134  +0.22452    0.099099
14.549572    +0.21811  +0.22134    0.099099
14.648671    +0.21484  +0.21811    0.099099
14.747769    +0.21152  +0.21484    0.099099
14.846868    +0.20816  +0.21152    0.099099
14.945967    +0.20475  +0.20816    0.099099
15.045065    +0.20130  +0.20475    0.099099
15.144164    +0.19780  +0.20130    0.099099
15.243263    +0.19426  +0.19780    0.099099
15.342361    +0.19067  +0.19426    0.099099
15.441460    +0.18704  +0.19067    0.099099
15.540559    +0.18336  +0.18704    0.099099
15.639657    +0.17964  +0.18336    0.099099
15.738756    +0.17587  +0.17964    0.099099
15.837855    +0.17206  +0.17587    0.099099
15.936953    +0.16820  +0.17206    0.099099
16.036052    +0.16463  +0.16820    0.099099
16.135151    +0.16131  +0.16463    0.099099
16.234249    +0.15794  +0.16131    0.099099
16.333348    +0.15452  +0.15794    0.099099
16.432447    +0.15106  +0.15452    0.099099
16.531546    +0.14756  +0.15106    0.099099
16.630644    +0.14401  +0.14756    0.099099
16.729743    +0.14042  +0.14401    0.099099
16.828842    +0.13678  +0.14042    0.099099
16.927940    +0.13310  +0.13678    0.099099
17.027039    +0.12937  +0.13310    0.099099
17.126138    +0.12560  +0.12937    0.099099
17.225236    +0.12179  +0.12560    0.099099
17.324335    +0.11793  +0.12179    0.099099
17.423434    +0.11402  +0.11793    0.099099
17.522532    +0.11007  +0.11402    0.099099
17.621631    +0.10608  +0.11007    0.099099
17.720730    +0.10205  +0.10608    0.099099
17.819828    +0.09796  +0.10205    0.099099
17.918927    +0.09384  +0.09796    0.099099
18.018026    +0.08967  +0.09384    0.099099
18.117125    +0.08546  +0.08967    0.099099
18.216223    +0.08120  +0.08546    0.099099
18.315322    +0.07693  +0.08120    0.099099
18.414421    +0.07310  +0.07693    0.099099
18.513519    +0.06922  +0.07310    0.099099
18.612618    +0.06530  +0.06922    0.099099
18.711717    +0.06133  +0.06530    0.099099
18.810815    +0.05732  +0.06133    0.099099
18.909914    +0.05327  +0.05732    0.099099
19.009013    +0.04917  +0.05327    0.099099
19.108111    +0.04503  +0.04917    0.099099
19.207210    +0.04084  +0.04503    0.099099
19.306309    +0.03661  +0.04084    0.099099
19.405407    +0.03234  +0.03661    0.099099
19.504506    +0.02889  +0.03234    0.099099
19.603605    +0.02998  +0.02889    0.099099
19.702703    +0.02616  +0.02998    0.099099
19.801802    +0.02231  +0.02616    0.099099
19.900901    +0.01841  +0.02231    0.099099
20.000000    +0.01447  +0.01841    0.099099
20.000000    +0.01447  +0.01447    0.000000
Error: closed range without finding crossing.
Searching for crossing at nll = -25503.1 in the interval 0.180262, -20
      r      lvl-here  lvl-there   stepping
0.079361    +0.49446  +0.49447    -0.100901
-0.021540    +0.49440  +0.49446    -0.100901
-0.122442    +0.49428  +0.49440    -0.100901
-0.223343    +0.49411  +0.49428    -0.100901
-0.324244    +0.49388  +0.49411    -0.100901
-0.425145    +0.49361  +0.49388    -0.100901
-0.526047    +0.49328  +0.49361    -0.100901
-0.626948    +0.49289  +0.49328    -0.100901
-0.727849    +0.49245  +0.49289    -0.100901
-0.828751    +0.49234  +0.49245    -0.100901
-0.929652    +0.49201  +0.49234    -0.100901
-1.030553    +0.49163  +0.49201    -0.100901
-1.131455    +0.49120  +0.49163    -0.100901
-1.232356    +0.49072  +0.49120    -0.100901
-1.333257    +0.49018  +0.49072    -0.100901
-1.434159    +0.48959  +0.49018    -0.100901
-1.535060    +0.48894  +0.48959    -0.100901
-1.635961    +0.48824  +0.48894    -0.100901
-1.736862    +0.48748  +0.48824    -0.100901
-1.837764    +0.48667  +0.48748    -0.100901
-1.938665    +0.48581  +0.48667    -0.100901
-2.039566    +0.48489  +0.48581    -0.100901
-2.140468    +0.48400  +0.48489    -0.100901
-2.241369    +0.48331  +0.48400    -0.100901
-2.342270    +0.48257  +0.48331    -0.100901
-2.443172    +0.48178  +0.48257    -0.100901
-2.544073    +0.48092  +0.48178    -0.100901
-2.644974    +0.48002  +0.48092    -0.100901
-2.745876    +0.47906  +0.48002    -0.100901
-2.846777    +0.47804  +0.47906    -0.100901
-2.947678    +0.47697  +0.47804    -0.100901
-3.048580    +0.47584  +0.47697    -0.100901
-3.149481    +0.47466  +0.47584    -0.100901
-3.250382    +0.47343  +0.47466    -0.100901
-3.351283    +0.47214  +0.47343    -0.100901
-3.452185    +0.47079  +0.47214    -0.100901
-3.553086    +0.46955  +0.47079    -0.100901
-3.653987    +0.46840  +0.46955    -0.100901
-3.754889    +0.46721  +0.46840    -0.100901
-3.855790    +0.46595  +0.46721    -0.100901
-3.956691    +0.46464  +0.46595    -0.100901
-4.057593    +0.46328  +0.46464    -0.100901
-4.158494    +0.46186  +0.46328    -0.100901
-4.259395    +0.46039  +0.46186    -0.100901
-4.360297    +0.45886  +0.46039    -0.100901
-4.461198    +0.45727  +0.45886    -0.100901
-4.562099    +0.45563  +0.45727    -0.100901
-4.663000    +0.45393  +0.45563    -0.100901
-4.763902    +0.45218  +0.45393    -0.100901
-4.864803    +0.45037  +0.45218    -0.100901
-4.965704    +0.44977  +0.45037    -0.100901
-5.066606    +0.44844  +0.44977    -0.100901
-5.167507    +0.44704  +0.44844    -0.100901
-5.268408    +0.44559  +0.44704    -0.100901
-5.369310    +0.44409  +0.44559    -0.100901
-5.470211    +0.44253  +0.44409    -0.100901
-5.571112    +0.44091  +0.44253    -0.100901
-5.672014    +0.43923  +0.44091    -0.100901
-5.772915    +0.43750  +0.43923    -0.100901
-5.873816    +0.43619  +0.43750    -0.100901
-5.974718    +0.43498  +0.43619    -0.100901
-6.075619    +0.43371  +0.43498    -0.100901
-6.176520    +0.43239  +0.43371    -0.100901
-6.277421    +0.43101  +0.43239    -0.100901
-6.378323    +0.42958  +0.43101    -0.100901
-6.479224    +0.42809  +0.42958    -0.100901
-6.580125    +0.42654  +0.42809    -0.100901
-6.681027    +0.42494  +0.42654    -0.100901
-6.781928    +0.42328  +0.42494    -0.100901
-6.882829    +0.42156  +0.42328    -0.100901
-6.983731    +0.41978  +0.42156    -0.100901
-7.084632    +0.41795  +0.41978    -0.100901
-7.185533    +0.41606  +0.41795    -0.100901
-7.286435    +0.41412  +0.41606    -0.100901
-7.387336    +0.41212  +0.41412    -0.100901
-7.488237    +0.41006  +0.41212    -0.100901
-7.589138    +0.40794  +0.41006    -0.100901
-7.690040    +0.40577  +0.40794    -0.100901
-7.790941    +0.40353  +0.40577    -0.100901
-7.891842    +0.40124  +0.40353    -0.100901
-7.992744    +0.39943  +0.40124    -0.100901
-8.093645    +0.39766  +0.39943    -0.100901
-8.194546    +0.39582  +0.39766    -0.100901
-8.295448    +0.39393  +0.39582    -0.100901
-8.396349    +0.39198  +0.39393    -0.100901
-8.497250    +0.38998  +0.39198    -0.100901
-8.598152    +0.38791  +0.38998    -0.100901
-8.699053    +0.38579  +0.38791    -0.100901
-8.799954    +0.38361  +0.38579    -0.100901
-8.900855    +0.38137  +0.38361    -0.100901
-9.001757    +0.37908  +0.38137    -0.100901
-9.102658    +0.37672  +0.37908    -0.100901
-9.203559    +0.37431  +0.37672    -0.100901
-9.304461    +0.37184  +0.37431    -0.100901
-9.405362    +0.36931  +0.37184    -0.100901
-9.506263    +0.36672  +0.36931    -0.100901
-9.607165    +0.36408  +0.36672    -0.100901
-9.708066    +0.36137  +0.36408    -0.100901
-9.808967    +0.35861  +0.36137    -0.100901
-9.909869    +0.35578  +0.35861    -0.100901
-10.010770    +0.35290  +0.35578    -0.100901
-10.111671    +0.34996  +0.35290    -0.100901
-10.212573    +0.34696  +0.34996    -0.100901
-10.313474    +0.34452  +0.34696    -0.100901
-10.414375    +0.34823  +0.34452    -0.100901
-10.515276    +0.34603  +0.34823    -0.100901
-10.616178    +0.34378  +0.34603    -0.100901
-10.717079    +0.34148  +0.34378    -0.100901
-10.817980    +0.33911  +0.34148    -0.100901
-10.918882    +0.33668  +0.33911    -0.100901
-11.019783    +0.33420  +0.33668    -0.100901
-11.120684    +0.33165  +0.33420    -0.100901
-11.221586    +0.32905  +0.33165    -0.100901
-11.322487    +0.32639  +0.32905    -0.100901
-11.423388    +0.32366  +0.32639    -0.100901
-11.524290    +0.32088  +0.32366    -0.100901
-11.625191    +0.31804  +0.32088    -0.100901
-11.726092    +0.31514  +0.31804    -0.100901
-11.826993    +0.31218  +0.31514    -0.100901
-11.927895    +0.30916  +0.31218    -0.100901
-12.028796    +0.30608  +0.30916    -0.100901
-12.129697    +0.30294  +0.30608    -0.100901
-12.230599    +0.29973  +0.30294    -0.100901
-12.331500    +0.29647  +0.29973    -0.100901
-12.432401    +0.29315  +0.29647    -0.100901
-12.533303    +0.28977  +0.29315    -0.100901
-12.634204    +0.28632  +0.28977    -0.100901
-12.735105    +0.28282  +0.28632    -0.100901
-12.836007    +0.27925  +0.28282    -0.100901
-12.936908    +0.27562  +0.27925    -0.100901
-13.037809    +0.27194  +0.27562    -0.100901
-13.138710    +0.26913  +0.27194    -0.100901
-13.239612    +0.26588  +0.26913    -0.100901
-13.340513    +0.26257  +0.26588    -0.100901
-13.441414    +0.25920  +0.26257    -0.100901
-13.542316    +0.25576  +0.25920    -0.100901
-13.643217    +0.25227  +0.25576    -0.100901
-13.744118    +0.24871  +0.25227    -0.100901
-13.845020    +0.24509  +0.24871    -0.100901
-13.945921    +0.24141  +0.24509    -0.100901
-14.046822    +0.23767  +0.24141    -0.100901
-14.147724    +0.23386  +0.23767    -0.100901
-14.248625    +0.22999  +0.23386    -0.100901
-14.349526    +0.22606  +0.22999    -0.100901
-14.450428    +0.22207  +0.22606    -0.100901
-14.551329    +0.21801  +0.22207    -0.100901
-14.652230    +0.21389  +0.21801    -0.100901
-14.753131    +0.20971  +0.21389    -0.100901
-14.854033    +0.20546  +0.20971    -0.100901
-14.954934    +0.20116  +0.20546    -0.100901
-15.055835    +0.19678  +0.20116    -0.100901
-15.156737    +0.19333  +0.19678    -0.100901
-15.257638    +0.18942  +0.19333    -0.100901
-15.358539    +0.18544  +0.18942    -0.100901
-15.459441    +0.18140  +0.18544    -0.100901
-15.560342    +0.17729  +0.18140    -0.100901
-15.661243    +0.17312  +0.17729    -0.100901
-15.762145    +0.16889  +0.17312    -0.100901
-15.863046    +0.16459  +0.16889    -0.100901
-15.963947    +0.16023  +0.16459    -0.100901
-16.064848    +0.15580  +0.16023    -0.100901
-16.165750    +0.15131  +0.15580    -0.100901
-16.266651    +0.14675  +0.15131    -0.100901
-16.367552    +0.14213  +0.14675    -0.100901
-16.468454    +0.13744  +0.14213    -0.100901
-16.569355    +0.13269  +0.13744    -0.100901
-16.670256    +0.12787  +0.13269    -0.100901
-16.771158    +0.12299  +0.12787    -0.100901
-16.872059    +0.11822  +0.12299    -0.100901
-16.972960    +0.11541  +0.11822    -0.100901
-17.073862    +0.11137  +0.11541    -0.100901
-17.174763    +0.10727  +0.11137    -0.100901
-17.275664    +0.10310  +0.10727    -0.100901
-17.376565    +0.09887  +0.10310    -0.100901
-17.477467    +0.09457  +0.09887    -0.100901
-17.578368    +0.09021  +0.09457    -0.100901
-17.679269    +0.08578  +0.09021    -0.100901
-17.780171    +0.08129  +0.08578    -0.100901
-17.881072    +0.07673  +0.08129    -0.100901
-17.981973    +0.07211  +0.07673    -0.100901
-18.082875    +0.06741  +0.07211    -0.100901
-18.183776    +0.06266  +0.06741    -0.100901
-18.284677    +0.05783  +0.06266    -0.100901
-18.385579    +0.05294  +0.05783    -0.100901
-18.486480    +0.04798  +0.05294    -0.100901
-18.587381    +0.04296  +0.04798    -0.100901
-18.688283    +0.03787  +0.04296    -0.100901
-18.789184    +0.03271  +0.03787    -0.100901
-18.890085    +0.02748  +0.03271    -0.100901
-18.990986    +0.02218  +0.02748    -0.100901
-19.091888    +0.01682  +0.02218    -0.100901
-19.192789    +0.01138  +0.01682    -0.100901
-19.293690    +0.00588  +0.01138    -0.100901
-19.394592    +0.00031  +0.00588    -0.100901

 --- MaxLikelihoodFit ---
Best fit r: 0.180262  -19.5745/+19.8197  (68% CL)
nll S+B -> 0.534318  nll B -> 0
Done in 5.90 min (cpu), 5.91 min (real)
