[?1034hname                                              b-only fit            s+b fit         rho
CMS_eff_lep                                      -0.00, 0.84        +0.00, 0.99       -0.02
CMS_jer                                          +0.00, 0.89        +0.00, 0.96       -0.07
CMS_jes                                          -0.00, 0.51        -0.00, 0.83       -0.21
CMS_tHq_tt1b                                     -0.00, 0.89        +0.00, 0.96       -0.09
CMS_tHq_tt2b                                     -0.00, 0.85        +0.00, 0.98       -0.10
CMS_tHq_ttbb                                     -0.00, 0.61        -0.00, 0.71       -0.23
CMS_tHq_ttcc                                     -0.00, 0.64        +0.00, 0.90       +0.15
CSVCErr1                                      ! +0.00, 0.36!        +0.00, 0.62       -0.17
CSVCErr2                                         -0.00, 1.11        +0.00, 0.99       +0.01
CSVHF                                         ! +0.00, 0.49!        -0.00, 0.92       -0.03
CSVHFStats1                                   ! +0.00, 0.48!        +0.00, 0.95       +0.05
CSVHFStats2                                      -0.00, 0.82        +0.00, 0.97       -0.12
CSVLF                                         ! -0.00, 0.49!        -0.00, 0.96       -0.13
CSVLFStats1                                      +0.00, 1.06        -0.00, 0.96       -0.07
CSVLFStats2                                      -0.00, 0.92        +0.00, 0.99       +0.05
Q2scale_VV                                       +0.00, 0.93        +0.00, 0.96       +0.00
Q2scale_Wj                                       +0.00, 1.24        -0.00, 0.98       +0.08
Q2scale_tHW                                      +0.00, 0.94        +0.00, 0.99       -0.00
Q2scale_tHq                                      +0.00, 0.94        -0.00, 0.99       +0.00
Q2scale_tt1b                                     +0.00, 1.15        +0.00, 0.99       +0.04
Q2scale_tt2b                                     +0.00, 0.91        -0.00, 0.99       +0.06
Q2scale_ttH                                      +0.00, 0.97        -0.00, 0.99       +0.00
Q2scale_ttW                                      +0.00, 1.00        +0.00, 0.99       -0.00
Q2scale_ttbb                                     +0.00, 0.84        +0.00, 0.93       +0.11
Q2scale_ttcc                                     +0.00, 0.71        -0.00, 0.97       -0.04
Q2scale_ttlf                                  ! +0.00, 0.43!        +0.00, 0.85       +0.07
QCDscale_ST                                      -0.00, 1.08        -0.00, 0.99       -0.01
lumi_13TeV                                       -0.00, 1.05        +0.00, 0.99       -0.03
pdf_gg                                           -0.00, 1.21        +0.00, 0.99       -0.02
pdf_qg                                           -0.00, 1.08        +0.00, 0.99       -0.01
pdf_qqbar                                        -0.00, 0.94        +0.00, 0.99       -0.01
pu                                               -0.00, 0.98        +0.00, 0.98       +0.01
