0.9628489823
0.9683990012
0.9821601431
1.0080561269
0.9995958235
0.9963659371
1.0202409375
1.0533807478
1.0854371011
1.1304454838
1.1855057209
1.2263775803
1.1597765423
1.0296003933
0.9489986304
0.8960561153
0.8967405672
0.9810055513
0.9729839576
0.9623897517
0.9857948321
1.0080315048
1.0275157887
1.044808528
1.0594667796
1.0845993267
1.1182879244
1.1522325092
1.1889541161
1.2186494933
1.2231413992
1.157642073
0.9986657255
0.9015323666
0.9465958027
0.9563892099
0.9629644047
0.962714471
0.9703147084
0.9778839459
0.9997391615
1.0273972997
1.0884158725
1.1839635227
1.1609205385
0.9514832201
0.9018001374
0.8968731742
0.8941261404
0.9003886905
0.9115355141
