0.9793401448
0.9765054897
0.9825435919
0.9819582754
0.9833602933
1.0040079588
1.0046766542
1.0173097464
1.0262162355
1.0391206557
1.0450125364
1.0112383017
0.9636086781
0.9477081482
0.9359357624
0.9434457315
0.9477208469
0.9820926477
0.9934110462
0.985720831
1.0015201042
1.0006894599
1.006125405
1.0104641032
1.0212506213
1.0263610421
1.0369824901
1.0424557101
1.0492369261
1.0237037706
0.9942362669
0.9628250303
0.9396466766
0.9393719561
0.9732097853
0.9731891252
0.9724638291
0.9820609776
0.9822662507
0.9829611626
0.9774815092
1.0053062299
1.0298661536
1.0444336539
0.9634852177
0.937505566
0.9407047504
0.9382317534
0.9436454551
0.9533141203
0.9559840833
